h2,ch4,c2h6,c2h4,c2h2,act
4.311952778356508,2.740481801998804,4.335869970050394,9.999475737043902e-05,1.4535445322755316,3
3.150077227113738,3.390747828462525,9.999479327290683e-05,4.467839462518956,9.999435625920675e-05,5
3.608398734250552,1.8617817515813928,2.6358771623006123,3.8385982485504178,2.331467456559641,2
7.107346018340969,6.413754980588372,6.310015563707108,7.194263948525521,2.834040620727538,4
0.0,0.1810063535391854,0.09512231371244843,0.12185539608776497,0.0,4
7.267830894717042,5.098529449203907,1.726892441468825,4.659474144429149,4.64197282821538,1
8.246446390961095,6.073107552248066,5.480795933951241,7.320849268405727,5.53190735255489,0
4.892442049546907,4.333538428123739,4.4687567379823205,4.7051495621843324,4.791942241378952,1
3.181385077115625,3.5298389836601043,2.6733024701053196,3.9159493874260636,9.999435625920675e-05,5
6.947054947126508,2.183158477622811,9.999479327290683e-05,2.3407292034012763,2.93615048770383,1
2.5869206645321134,2.954182152200572,3.8334642719080545,5.214656324500548,1.7211675353399978,5
3.644924180811669,3.2155045181003126,2.3613147907594025,0.401496454803672,0.0,3
5.998921091652384,5.072091088206332,3.6924457267866844,5.62402746977448,4.461884411726617,2
4.4246135907008775,3.02920480260425,0.0,3.8029288929480414,3.4450720735089764,2
5.37137271577429,4.989506732089294,4.508476709232196,5.931267568824557,9.999435625920675e-05,5
4.759658817632077,4.235684189132378,4.990868913125065,2.593912445198058,9.999435625920675e-05,3
8.246446390961095,4.051676124859579,3.7936747026350024,2.6965539849509126,9.999435625920675e-05,3
5.213610609534257,3.5298389836601043,4.114552452554378,4.398647500211969,3.952990571833099,2
3.421283334032587,2.927296238893029,1.726892441468825,3.240745966466908,3.4623293708510574,1
4.796067880472556,1.6699752325565898,1.0739934225478773,2.870080128623912,2.5497622986800264,2
5.895344772721389,3.5298389836601043,2.6733024701053196,1.3406279723249495,9.999435625920675e-05,3
3.6799394752661354,4.414978362524125,3.255129590827157,5.207317110665268,4.239951322304589,2
5.989167829319128,4.543917262361302,4.2860695565937235,5.4617620113710155,4.268444158273117,2
6.602559024397487,4.9672866239489615,4.504038130232334,5.914589195962261,4.524607068557516,2
5.0465259268590765,2.7580419859852436,1.856283559539953,2.6519268636003597,3.2991940172423666,1
2.89199675873875,3.7105610848709047,3.0342868694651783,3.833935960957072,0.0,4
6.784408747466555,4.212514687433591,3.047838311057943,0.0,0.0,0
4.536016648342298,4.091177211083898,3.013540584610701,4.277929241490038,9.999435625920675e-05,3
7.1668934368681345,4.557400002798204,2.5617081791961778,5.300522382964092,4.523806523792939,2
4.299790791624365,2.77518587573642,0.4020796266600009,1.24187922515484,9.999435625920675e-05,3
4.686644141681231,3.090500093320145,4.451096414617503,2.369765924127152,9.999435625920675e-05,3
7.659231267483055,4.994719017731004,5.135937945033026,5.069411940011143,4.371880237980849,1
4.14286216819395,4.523099130511704,5.424730451939177,3.2155763585160737,9.999435625920675e-05,3
4.388746741912396,9.999460280469756e-05,2.1962011030110893,3.6849253406955413,9.999435625920675e-05,5
2.5239324172201596,4.1417096270263185,2.1962011030110893,4.041787566799061,4.189703582613266,2
2.4561091733259097,4.520740215869956,9.999479327290683e-05,4.918191169573804,9.999435625920675e-05,5
3.397711801645189,3.096990844338022,1.726892441468825,3.528855897135395,3.2104744206230884,2
3.850203177041455,1.6699752325565898,4.027972096993767,4.558661262989266,9.999435625920675e-05,4
3.048711466482342,4.471482791343222,3.4627407597280095,5.408317855426208,4.481931536213792,2
4.884503803422575,3.4182716105149304,3.330275016554528,2.830003381942826,9.999435625920675e-05,0
1.5661231824642101,5.135948757528311,4.086723029559393,6.070817331113124,4.794145706519545,2
3.048711466482342,2.4882410830035946,1.9924141229750376,2.5374209570390276,3.952990571833099,2
4.366450914695853,5.1229342108584985,4.711804614017962,6.008136802433834,4.424475797005341,2
6.06393488267247,4.009522455152573,0.6832924198582071,2.083981440565065,9.999435625920675e-05,3
4.759658817632077,6.488733807076648,9.999479327290683e-05,5.793125977046662,2.5795271750569064,3
2.700813420471759,3.3320991204334782,4.49733261134919,5.532659216615375,9.999435625920675e-05,5
6.65753083833616,4.5551741299737225,3.228489452104394,5.837133017965714,5.312790298096615,1
6.319009618002229,4.192517950636091,3.112492353600945,4.792062180133622,4.4201513284428815,1
3.904467489944594,3.5183221528265904,2.6733024701053196,4.415191997535755,1.269554378406302,5
4.14286216819395,5.163383721342015,4.826357078925642,6.159033896579809,3.2960509874360664,5
8.759170826568576,5.802936194647008,4.567077058148321,9.999475737043902e-05,9.999435625920675e-05,0
6.1401645290938704,3.644863323696249,3.7518274624470096,2.411528973248892,9.999435625920675e-05,0
1.5661231824642101,1.0519949312554722,0.6832924198582071,3.7655439510071167,9.999435625920675e-05,5
7.766157231790077,5.349751744705497,2.9404396548800418,9.999475737043902e-05,9.999435625920675e-05,0
5.186716255584587,5.107067765646964,5.028408713535244,6.242710728947108,2.8874343779346643,5
4.573147088516599,5.375624487762045,4.654363519946503,6.274690735984496,4.813356145832511,2
6.871713068117437,1.4176180782712915,0.513259964911685,0.7735427751196153,1.6259744099902738,1
5.562836103104516,4.829462140492035,4.840899462578801,5.305358167433561,0.5128977112620815,4
2.30259279244685,6.791132966633327,7.440942005218852,8.23597794590134,3.722222469481601,5
2.5869206645321134,2.8993531702833364,1.8695621287875914,3.6560935341928356,9.999435625920675e-05,5
2.8479756143173716,3.7749854920639416,3.540519310594341,4.851836350086179,9.999435625920675e-05,5
5.756061653531958,5.576924641452488,5.688004493322961,6.32030517451316,1.1066353018368622,5
3.397711801645189,4.041399504295901,2.1962011030110893,3.6560935341928356,2.775042867158723,2
9.999483006171651e-05,2.5367541184091715,2.817342285011327,3.6989527062448997,3.510726114694772,2
5.742680491828438,3.708822420611743,2.1962011030110893,4.041787566799061,3.9410986514653703,1
5.112220773986882,4.283071622542524,2.9404396548800418,4.782160645707635,4.628091136067329,1
9.472006137568584,6.539515888217113,0.0,0.0,0.0,0
4.985580329926468,2.183158477622811,1.34724805418483,0.6816027585830234,0.6631002020538248,1
6.4741125465151725,4.760066385097627,3.143037924684542,5.190522125943148,4.0762348886753905,2
5.335912774127744,5.025009580281607,4.966812683143931,4.875609010153903,1.992474178087165,4
6.784408747466555,3.1182007729353676,4.8115341151801925,2.6965539849509126,9.999435625920675e-05,3
5.435851856879622,2.954182152200572,2.6193223602104334,2.870080128623912,9.999435625920675e-05,0
3.348525878591151,4.235684189132378,3.661044999093915,5.123249656450973,9.999435625920675e-05,5
4.2621916183535244,4.220335196810063,2.860395911763953,4.675016043396774,3.8165426667195814,2
9.999483006171651e-05,3.390747828462525,2.6733024701053196,2.411528973248892,2.4853651973483775,2
5.390641274144228,3.5066030270025883,2.100214746727898,3.6261611425971614,3.7254843136273603,1
9.999483006171651e-05,3.49467464786389,4.328945306260745,3.47530137978257,9.999435625920675e-05,3
3.348525878591151,2.704031420025599,3.895710707901751,3.417864547711435,2.7953996217812085,2
3.048711466482342,2.087257891918569,4.0177463475563,1.2153903958033738,9.999435625920675e-05,3
2.700813420471759,4.110030043285547,3.871385590618948,5.285813681602683,1.992474178087165,5
4.0598758796150936,3.138784009080694,3.112492353600945,2.7434742539229346,3.3266397274075583,2
5.611537101249443,3.02920480260425,9.999479327290683e-05,3.8029288929480414,3.4450720735089764,2
6.23125425364715,5.581811171450225,4.840899462578801,6.358862740167607,2.685487240997054,5
3.5095544156793124,3.9404964043307644,0.0,4.8578526538265665,5.138695818146705,1
6.4992396914952275,2.198038463386733,9.999479327290683e-05,3.6290542851391305,9.999435625920675e-05,0
2.1170255277086114,2.927296238893029,3.871385590618948,1.9778235042950407,9.999435625920675e-05,3
5.979289407920885,4.180201425482701,2.9777833496256383,4.875609010153903,4.3582584212715405,2
3.3734720867393495,2.954182152200572,3.112492353600945,3.311840053472142,3.688271807555199,1
4.927226859888565,4.770949094335965,2.6733024701053196,4.978984405558986,4.623460939501526,2
4.213786444068972,2.4363384289224537,0.6832924198582071,2.1784294262644814,2.995046399553365,2
5.672090826054575,4.041399504295901,2.6733024701053196,4.467839462518956,3.9309347956347747,2
1.5661231824642101,3.457558848014548,3.2809419556953423,3.9263939295941266,9.999435625920675e-05,4
3.348525878591151,2.661706258078928,1.4990103774673644,2.213464589969706,1.6752000301331609,1
3.777041114108135,3.5183221528265904,3.9645627096761555,3.2155763585160737,2.7953996217812085,0
3.729885565763278,4.290046915005653,3.047838311057943,4.971338429653595,1.5999982925170697,5
9.999483006171651e-05,3.782801500267263,2.817342285011327,4.9940379054863095,4.458530392566562,2
3.2690121102373184,4.655403597330476,4.640480294698693,5.719545214971929,2.915564479799829,5
4.527703206350965,2.5367541184091715,4.096107861417214,1.9778235042950407,9.999435625920675e-05,3
4.358882710878348,4.972493181749441,4.9162980131092935,5.618912666579367,0.0,4
2.8106164439265253,2.7748469552405943,1.9428805640074573,3.5274738451630676,1.4486514932291827,5
4.985580329926468,2.5367541184091715,9.999479327290683e-05,3.2888355549896957,9.999435625920675e-05,0
3.8216971468440515,3.3620567570998867,1.556970046928594,3.5790098650805087,4.174953088674464,2
5.069029073871911,4.3741219236907165,3.330275016554528,5.064925330295103,4.002800379689645,2
4.343534411931854,4.1355014352076545,3.7446379540242303,4.920943148250083,9.999435625920675e-05,5
5.390641274144228,6.814702723613949,6.560496119562105,3.076393855287821,9.999435625920675e-05,0
7.659231267483055,5.523005747970713,4.17593747385663,6.004055415525051,4.798510087232704,2
4.62859550569141,4.852356553069244,4.914991347862074,5.211729709139034,9.999435625920675e-05,4
5.81357894698545,2.77518587573642,1.8695621287875914,1.856734322075132,1.824201574827315,1
3.836070974151814,3.8766348588935737,3.143037924684542,4.059439929552049,9.999435625920675e-05,4
7.161769390554472,6.310993064594287,6.683187147534524,7.256268055308199,1.5999982925170697,4
1.5661231824642101,3.584609794394071,4.240731934811599,2.1784294262644814,9.999435625920675e-05,3
8.761638023212058,5.033784452137201,3.7518274624470096,1.0697999652576,9.999435625920675e-05,0
2.700813420471759,6.045168327596023,4.9388103528923,6.922272840434024,5.222149194457042,2
3.0734476533063697,3.987339399225548,2.771985928885789,4.346705724437691,3.750778177256676,2
4.396046398704789,4.041399504295901,3.5768062000904335,1.0697999652576,9.999435625920675e-05,3
3.5895286024348976,5.612162893687876,4.401958631528719,6.588402920480871,5.025751781892699,2
9.999483006171651e-05,3.3320991204334782,4.300621893303053,2.263452416405615,9.999435625920675e-05,3
1.7780658428891045,3.1839311475395577,2.499947007347682,3.3342016276746103,3.395220554438667,1
2.9339015831940194,3.3472429481220085,3.975485431959585,2.7434742539229346,9.999435625920675e-05,3
7.393286637877231,4.188439658147307,3.9076032174221482,4.352657573712037,9.999435625920675e-05,3
7.645666293427201,5.662046151716093,0.0,6.623699951856022,5.129159158898753,2
3.904467489944594,3.096990844338022,2.6733024701053196,4.223657061091346,0.0,5
5.1588816501757275,3.9282253001354825,4.5823226408089015,3.5790098650805087,9.999435625920675e-05,3
7.599996124889073,5.315680336791309,3.399163377801864,1.0697999652576,2.4853651973483775,0
4.026492430503331,2.5822797374927515,1.556970046928594,1.9778235042950407,2.920383673166647,1
3.240782901581883,1.3126206807770537,0.6832924198582071,9.999475737043902e-05,9.999435625920675e-05,3
5.989167829319128,4.805320625350207,5.0170540081459105,5.5588934868142905,2.685487240997054,4
3.5095544156793124,9.999460280469756e-05,2.2826712359392554,1.7159664578008262,2.870196955893697,2
4.285122163755676,1.775450712913613,1.679217096033137,2.2388259597672957,1.5999982925170697,1
5.78215216137088,4.445239427850139,3.6924457267866844,5.198035465161982,0.6539024734390484,5
1.0783132569581837,6.336607271206868,5.19244977050792,7.225113635754812,5.404639882451083,2
4.472332693563818,9.999460280469756e-05,9.999479327290683e-05,3.456613784293885,3.4844334827197208,1
3.917502330854435,6.553413053929326,6.259015477855119,7.785026363085027,4.454579286214595,5
2.89199675873875,4.051166267169737,3.4209055260420667,2.3909060900229355,9.999435625920675e-05,3
4.122878857461616,4.020328358203722,3.1696053272582287,4.3538423115515394,0.3085123598529081,4
5.5779820450816,3.1182007729353676,3.172505719532816,1.856734322075132,9.999435625920675e-05,0
3.7616137181707,3.958470209800576,1.9924141229750376,4.340706405154121,4.225929331790537,2
4.830908889023697,3.267919485049921,4.508476709232196,2.1784294262644814,9.999435625920675e-05,3
6.968771929964748,6.5172767815732975,6.751954110382707,6.989376511630289,9.999435625920675e-05,4
7.85580605693922,5.312788770583752,3.779964416915634,1.856734322075132,1.824201574827315,0
2.2146142331392937,4.046558825668911,4.707534349292918,4.3224160855801586,9.999435625920675e-05,3
3.836070974151814,1.9874868205257652,1.1235885671600285,2.7615214770722543,2.846962289251396,2
4.026492430503331,4.180201425482701,2.9777833496256383,4.875609010153903,4.3582584212715405,2
2.9339015831940194,4.675726208282913,4.067615549946022,4.892942398912928,3.952990571833099,2
6.213885547206738,3.8278121973053727,1.556970046928594,3.861498272936527,3.9141649198330764,0
5.741329626430794,2.704031420025599,2.5617081791961778,2.263452416405615,2.980906379899154,2
2.700813420471759,3.7670741002166346,3.9645627096761555,5.190522125943148,2.775042867158723,5
9.472006137568584,6.539515888217113,9.999479327290683e-05,9.999475737043902e-05,9.999435625920675e-05,0
3.5504815764587625,2.8993531702833364,1.9924141229750376,2.787873456856292,3.632199826818531,1
4.351244307437945,3.8630600463099163,4.067615549946022,2.6965539849509126,9.999435625920675e-05,3
5.81357894698545,3.7174698085676954,4.6310848036929935,3.595042978163643,3.9904286387972516,1
5.421745817213235,5.27990680740572,4.800226280729443,5.7261700703912926,2.6349017955132554,5
4.847781840506998,4.014948551994767,4.2860695565937235,3.0132517682555933,9.999435625920675e-05,3
4.4246135907008775,2.6251532688200685,9.999479327290683e-05,9.999475737043902e-05,9.999435625920675e-05,0
0.0,4.4007027260026215,0.0,3.4935584948322775,0.0,3
5.742680491828438,3.3620567570998867,3.4828868399996367,3.6989527062448997,9.999435625920675e-05,4
3.211595922358576,4.5461858448389565,4.502924533122431,6.007555255270846,2.5795271750569064,5
7.733930233151888,5.28446836112023,4.175346505308818,5.798835513445414,5.160835016745341,1
6.709002771889372,4.132821684129482,2.860395911763953,1.3406279723249495,0.0,4
5.200277041756102,2.8399530743263233,9.999479327290683e-05,3.2155763585160737,3.3624455765677825,2
4.431602836218299,2.927296238893029,3.611551525731833,1.5481064525883859,0.6631002020538248,3
3.048711466482342,3.9029506871841844,4.6310848036929935,5.769601985823701,1.7211675353399978,5
2.5239324172201596,3.2508881156742437,4.728653515223849,2.411528973248892,2.518429447650495,2
6.45197924455839,2.1040941106636595,6.448968899725054,9.999475737043902e-05,9.999435625920675e-05,0
4.167183600770795,2.884959605938351,4.2786915723988885,2.425002185631226,1.9620507289781428,1
3.6250302231822418,3.1182007729353676,1.0739934225478773,4.209458724363985,9.999435625920675e-05,5
3.348525878591151,3.5041156642491984,3.5449595959592024,3.961775603591147,9.999435625920675e-05,4
6.677597324554225,3.3087326993130795,3.892108431410524,1.510318194298053,9.999435625920675e-05,3
3.240782901581883,2.6251532688200685,1.556970046928594,1.5481064525883859,9.999435625920675e-05,3
4.4246135907008775,2.870269837397241,0.6832924198582071,2.083981440565065,2.951478500847085,1
4.919625719296359,1.5107118263423178,0.8597871789593632,0.896189244115504,2.0293299077230937,1
3.307036999241176,3.5066030270025883,2.100214746727898,3.6261611425971614,3.7254843136273603,1
6.7624716927144055,5.343218945452323,4.788749758251571,5.270793220728923,4.42814380949809,1
3.3734720867393495,3.31661081247864,3.975485431959585,2.411528973248892,9.999435625920675e-05,3
0.6850296060146115,2.954182152200572,1.556970046928594,2.593912445198058,3.5158181627182143,2
5.200277041756102,3.8630600463099163,3.2809419556953423,4.507438380600282,4.312642316412416,1
3.421283334032587,6.109191645773292,5.653409254327493,7.09893589133129,4.65859672599194,5
4.2272711040626545,2.183158477622811,0.0,2.3407292034012763,2.93615048770383,1
3.5504815764587625,3.2155045181003126,1.9808703147744149,4.209458724363985,3.2800386714865115,2
2.5869206645321134,3.2845380300679845,4.376185765504694,1.9778235042950407,0.6631002020538248,4
2.89199675873875,4.105369949919508,3.3059755082283493,4.755082718168602,1.0244093244218,5
2.4561091733259097,3.9643501846536426,1.9924141229750376,4.346705724437691,4.1919263145104075,2
5.9172023737350665,5.763217571342688,5.57756825853215,6.8680314954521515,2.980906379899154,5
2.9339015831940194,1.8028408883634224,1.8695621287875914,1.9778235042950407,2.0628863090770544,1
2.700813420471759,4.638232736622006,3.399163377801864,4.598092343084801,3.9410986514653703,2
5.1588816501757275,5.295702536834321,5.080140534012024,6.2862965225115754,3.1617247787233755,5
7.629687891544949,5.3315902244987265,4.0073882718011316,5.793125977046662,5.203012943301543,1
5.056247694796021,4.056752056256383,2.4334100056282395,4.54044047742118,4.1584502136145645,1
5.55257372565026,6.149056905752387,6.204074617318128,5.284160371066585,0.0,3
4.048895900877008,9.999460280469756e-05,9.999479327290683e-05,3.456613784293885,3.4844334827197208,2
4.711719326517982,2.954182152200572,3.930873592611936,2.1784294262644814,9.999435625920675e-05,3
4.343534411931854,2.1040941106636595,1.556970046928594,2.6468168952117472,3.3624455765677825,2
4.536016648342298,2.980085351801771,4.4570275630955,2.083981440565065,9.999435625920675e-05,3
7.812145964714659,7.360103423919856,8.952775670457617,8.7919881273842,0.0,5
7.300690542791545,6.013169466702497,5.702998899204373,6.6006210099934695,4.851553296107653,2
6.677597324554225,4.0040492942295876,3.399163377801864,1.0697999652576,1.0244093244218,0
4.1543333485746246,2.593669739536742,1.5456731288787935,2.4686262136265693,2.8304814402610354,1
4.181441528406151,3.3472429481220085,2.5617081791961778,4.258030622405106,3.624190867508167,2
4.132930583627395,1.6553901242924935,4.027972096993767,4.558661262989266,9.999435625920675e-05,4
3.907090723117101,6.073107552248066,6.521133053807064,6.35541777392357,5.323599108040384,0
3.2436478876243116,3.9404964043307644,9.999479327290683e-05,4.8578526538265665,5.138695818146705,0
7.249278130724658,4.0040492942295876,1.9924141229750376,2.7434742539229346,9.999435625920675e-05,4
4.671219011063606,5.447772621551681,4.876093654114673,5.7261700703912926,1.9136244145768389,5
6.156120832257986,4.904881856678064,0.6832924198582071,5.199901491266748,4.27750736318263,1
5.657172188726922,4.796550848673088,4.998233351070893,5.516312295811512,0.2943773242339477,4
2.8479756143173716,3.2508881156742437,1.556970046928594,4.068115803114842,9.999435625920675e-05,5
2.907737431973485,4.123804881435265,3.112492353600945,4.4524307989566285,9.999435625920675e-05,5
1.0783132569581837,1.2665871371886488,3.5768062000904335,9.999475737043902e-05,2.7207261389103605,1
3.6799394752661354,2.704031420025599,2.100214746727898,9.999475737043902e-05,1.7211675353399978,1
4.417564358575497,5.343218945452323,4.788749758251571,5.270793220728923,4.42814380949809,1
4.931000677750497,3.595041497055263,4.451096414617503,2.1784294262644814,9.999435625920675e-05,3
2.30259279244685,1.5107118263423178,0.6832924198582071,4.023718982926461,9.999435625920675e-05,5
7.208573048813304,3.2155045181003126,2.3613147907594025,0.401496454803672,9.999435625920675e-05,3
3.644924180811669,5.025009580281607,3.172505719532816,2.263452416405615,0.0,4
2.1170255277086114,5.475779565156273,4.792594313290802,6.584278503263189,5.310412786760947,2
4.62859550569141,1.6983739815272747,9.999479327290683e-05,2.204839975250153,3.4086338573733173,1
3.11759115596681,3.7174698085676954,4.6310848036929935,3.595042978163643,3.9904286387972516,1
3.530264070469268,5.605571297148039,3.200967846049097,6.372465238272837,2.951478500847085,5
6.219719206520208,4.286569229036894,2.100214746727898,4.531159756167177,4.4652088279608835,2
5.396961041425291,5.22817661602875,4.872646038655566,6.295058581260028,2.461089649718908,5
4.523670098368631,1.9271494608944173,1.4154312035675136,2.830003381942826,1.8048020521129808,1
2.89199675873875,1.3126206807770537,0.5806898491069363,0.5238449716377717,9.999435625920675e-05,3
3.9677032618642483,4.186800772674667,4.151078718693887,4.649989348301101,0.4321880122708039,4
4.351244307437945,3.5298389836601043,4.114552452554378,4.398647500211969,3.952990571833099,2
5.807394584682544,2.704031420025599,1.5380621798777587,2.0968656520572755,2.6632660050330355,1
7.37908483039088,3.939888436164866,2.9667530193749934,4.294120190170719,3.7568894916252744,2
4.032149961150444,3.8421439595683426,4.732808928679607,3.3977578215278257,3.581978791461772,1
3.2145595515847956,4.406453687150378,3.8836399370896566,4.643597754640134,9.999435625920675e-05,4
6.50961550427471,3.708822420611743,4.963751575349128,5.652970821121367,1.7211675353399978,4
4.983819497296337,3.5632403567030733,2.9404396548800418,3.6989527062448997,9.999435625920675e-05,4
6.219719206520208,2.0159923775375557,2.860395911763953,9.999475737043902e-05,2.5497622986800264,1
2.5239324172201596,1.3126206807770537,0.6832924198582071,1.3406279723249495,1.7211675353399978,2
7.812145964714659,3.2845380300679845,1.34724805418483,1.3406279723249495,9.999435625920675e-05,3
4.650186244410426,5.504383606696794,5.093187595896346,6.590093613303925,4.995211130726675,2
8.761638023212058,5.033784452137201,3.7518274624470096,1.0697999652576,0.0,0
5.890898066020366,2.4363384289224537,4.439097660183448,1.7606349499966374,9.999435625920675e-05,0
7.107346018340969,6.413754980588372,6.310015563707108,7.194263948525521,2.834040620727538,5
3.4442219761303567,1.4561349069138159,0.0,1.5664104377023862,2.4988101579758237,1
4.3199623032687855,1.5107118263423178,1.0739934225478773,0.6816027585830234,9.999435625920675e-05,0
1.0783132569581837,5.519099049256187,9.999479327290683e-05,5.961826070778346,4.578866356224362,2
2.6764427144534184,3.644863323696249,4.672495924296088,2.3407292034012763,9.999435625920675e-05,3
5.621737624038896,3.5411601405588344,4.926027466998165,5.626062868302645,1.824201574827315,4
4.445405326679739,2.3076490333985062,2.6467383559669813,3.467879104233665,3.3780974509125588,2
4.396046398704789,2.704031420025599,1.9924141229750376,3.076393855287821,3.1301396900769185,1
7.583412904475065,1.9166253106329654,9.999479327290683e-05,9.999475737043902e-05,9.999435625920675e-05,0
1.8828303265190063,3.1782065153869743,5.072203142165721,2.5374209570390276,9.999435625920675e-05,3
4.015060987525632,3.0099657803110484,1.1734962291686597,3.170894480542331,2.4575407030802916,2
2.801617066855995,4.994719017731004,4.2860695565937235,5.4617620113710155,4.268444158273117,2
4.644841997475378,4.081533076202109,4.048039592248849,2.6468168952117472,9.999435625920675e-05,3
4.295696642465156,1.3126206807770537,0.6832924198582071,1.3406279723249495,1.7211675353399978,2
6.331026859184726,3.584609794394071,1.9924141229750376,3.6261611425971614,3.5003789111824135,2
2.30259279244685,2.4882410830035946,9.999479327290683e-05,9.999475737043902e-05,2.870196955893697,2
2.5869206645321134,2.380558182568102,1.726892441468825,3.456613784293885,4.070331136288348,2
2.645708404217136,2.704031420025599,4.349539308171297,1.7891917569683253,1.9849987941115907,2
2.989372303372285,2.78861379835293,1.2709538817576802,2.50403382826921,0.8887728147072869,5
2.7526637095584485,4.904881856678064,0.6832924198582071,5.199901491266748,4.27750736318263,1
4.491963255488239,3.7509560129057298,1.726892441468825,3.815001613473357,3.905533384909499,2
4.200078611310883,4.128329614717997,4.74921041579435,3.872699396564661,2.980906379899154,2
6.034895015421757,1.7391689464577706,0.8597871789593632,2.451317910985261,2.247322340074512,2
3.5095544156793124,4.874043888266839,4.9140098817211095,5.400570453338348,1.3278360270181169,3
2.3826619388925163,6.189480124563527,5.14081218736666,6.792024362122918,4.935257637032199,2
2.801617066855995,2.4363384289224537,2.817342285011327,1.856734322075132,3.1514054755901553,2
3.048711466482342,2.704031420025599,1.556970046928594,4.023718982926461,9.999435625920675e-05,5
3.3734720867393495,1.6699752325565898,0.6832924198582071,9.999475737043902e-05,9.999435625920675e-05,0
6.241206110944164,3.9946346548885234,3.0644754866317725,3.2130155273754157,3.8386134357911064,1
4.517426230620555,2.6537397855069735,4.179306026177183,3.9519028915069327,1.559142990052057,3
5.872851004472022,4.0786106016965515,2.6137321652681256,4.65474698506936,4.5478048687470745,1
4.623107187583164,2.4882410830035946,1.3705509506663889,2.9447971840140297,2.668278038448022,2
8.123918627907079,3.820524953074926,3.611551525731833,4.2844473432277494,4.56564830094886,1
8.556396181007033,7.3397367656993975,8.304550283927544,8.312487121137988,4.752120847996349,4
2.801617066855995,3.856163399887302,4.03806879375072,1.5843418859693015,0.09472742748776304,3
3.836070974151814,1.9777485119434577,3.127904666563025,2.2388259597672957,2.304660380090163,1
4.2272711040626545,3.5221447395211176,3.5444058745129516,4.118442087049535,0.6676602124914032,4
6.447688742568924,5.27990680740572,4.804014061071921,5.037401579804712,3.20108214073065,4
6.624260768140919,4.276015760400387,2.7240722878321804,4.907077714426184,4.174953088674464,2
5.0029794151391895,2.4363384289224537,4.886344391102223,1.7159664578008262,9.999435625920675e-05,3
1.7381851939887245,5.378195039980692,4.46291412006546,6.350912229883818,5.066595843281047,2
5.405309445800004,5.065644333473993,3.589135777494435,3.9127882718494744,3.2693551534078193,1
6.709002771889372,4.132821684129482,2.860395911763953,1.3406279723249495,9.999435625920675e-05,0
1.8828303265190063,5.920909556691834,8.390450423817692,8.023627170092425,3.2550399497260356,5
5.34043319319517,4.943694685147985,4.12361705451336,5.439543610860776,2.0628863090770544,4
4.122878857461616,3.987339399225548,4.114552452554378,4.6672860423148865,1.269554378406302,4
5.5696038000321195,5.357273366935987,5.077503957001446,5.9568276928372335,9.999435625920675e-05,5
3.644924180811669,2.1040941106636595,1.8695621287875914,1.7159664578008262,3.0088282205780073,2
3.0121026703636646,4.204593624057177,4.086723029559393,3.712732950177091,9.999435625920675e-05,3
4.851945562314977,4.41779327368979,1.0739934225478773,4.549606737734298,4.259170149986826,1
4.612018394320233,5.098529449203907,1.726892441468825,4.659474144429149,4.64197282821538,1
5.247266388700594,2.801796186448164,4.266741599071379,2.411528973248892,1.8703982461063013,2
3.421283334032587,3.3320991204334782,2.2826712359392554,1.7891917569683253,0.0,3
2.817656371565911,5.3315902244987265,4.0073882718011316,5.793125977046662,5.203012943301543,1
6.784408747466555,4.167634620311979,4.114552452554378,3.4935584948322775,3.022268580351177,0
5.4536248751784075,4.3741219236907165,5.561140488098328,2.7615214770722543,9.999435625920675e-05,3
5.020009165146026,3.987339399225548,2.771985928885789,4.346705724437691,3.750778177256676,2
4.61758165038264,2.817941803916745,0.6832924198582071,1.1008603038098341,2.685487240997054,1
5.186716255584587,3.7590650567500967,4.556744910724168,2.870080128623912,1.7211675353399978,3
3.097496738125553,3.4443271801036937,2.1703696129111516,3.9350594066656455,2.0935240966615796,5
3.904467489944594,2.704031420025599,2.2826712359392554,1.7159664578008262,0.0,3
3.6268581872505905,4.840479036046468,4.508476709232196,5.791529293526877,3.559381595089,5
3.348525878591151,4.9402747121917265,3.330275016554528,5.167495296095303,4.213510050953431,2
7.760260945346742,3.691176540522158,4.987903084634638,5.689150754795597,1.824201574827315,4
4.343534411931854,1.5107118263423178,2.3613147907594025,2.1784294262644814,9.999435625920675e-05,0
4.726400972250025,4.65728066623464,4.6357967711016785,5.719101283128624,2.9171755494269624,5
1.8828303265190063,2.954182152200572,2.100214746727898,3.18959393393897,2.815050615529626,2
7.736545881440924,3.011913511191234,1.88394227926602,3.540676786414224,3.7773088418705165,1
4.381381721725228,2.6251532688200685,2.1962011030110893,9.999475737043902e-05,4.004539032218918,1
6.177146628701398,1.4929216348136134,0.5806898491069363,1.5481064525883859,2.237235207255518,1
4.4246135907008775,3.0525361265878925,3.143037924684542,3.6560935341928356,9.999435625920675e-05,4
5.649604577248806,5.025009580281607,4.966812683143931,4.875609010153903,1.992474178087165,4
3.0593992953380047,2.5225307485079917,1.920770239106124,2.3553723554130146,2.770882567751726,1
4.911952123763149,3.2334237010527227,3.112492353600945,2.593912445198058,2.980906379899154,2
4.491963255488239,6.694631749717145,7.22231838524756,7.953822425862819,9.999435625920675e-05,5
2.5869206645321134,3.300762604015197,3.7373841649848467,2.593912445198058,2.93615048770383,2
3.466560309896759,3.31661081247864,4.556744910724168,2.7434742539229346,9.999435625920675e-05,3
4.833887214224053,3.202678055971945,3.8334642719080545,5.562243623687221,3.7538440395617823,1
4.373950176788238,5.545847898456327,3.8836399370896566,5.998181745396048,4.898892090590854,2
9.999483006171651e-05,2.4882410830035946,1.9924141229750376,2.5374209570390276,2.685487240997054,2
6.0367425360620635,5.605571297148039,3.200967846049097,6.372465238272837,2.951478500847085,5
8.48702469213114,2.4363384289224537,4.724475618652256,4.0506646014358125,9.999435625920675e-05,3
2.30259279244685,3.9093638146940695,2.3613147907594025,4.472905829758012,3.89894678400419,2
9.999483006171651e-05,4.50152373472406,3.4627407597280095,3.1062134106514074,9.999435625920675e-05,3
0.6850296060146115,2.0159923775375557,2.100214746727898,4.134189817754818,1.7211675353399978,5
4.694853570730471,3.1782065153869743,4.14144238544953,3.2155763585160737,9.999435625920675e-05,3
1.5848632441566344,6.01841087300721,5.705278768942766,2.5374209570390276,9.999435625920675e-05,0
4.152676403564546,2.77518587573642,1.0739934225478773,3.240745966466908,3.5258444475452624,1
6.123868232852331,2.954182152200572,4.217050261272943,1.3406279723249495,9.999435625920675e-05,3
6.65753083833616,2.77518587573642,2.6193223602104334,2.3407292034012763,3.3266397274075583,2
2.4561091733259097,4.760066385097627,3.143037924684542,5.190522125943148,4.0762348886753905,2
3.777041114108135,4.557400002798204,4.167453051851275,5.815097271535729,1.824201574827315,5
5.2056373142436945,3.1782065153869743,2.6193223602104334,3.528855897135395,3.341268528633009,2
5.613817178116195,5.345405461309149,5.074858180762272,6.126689122554029,2.413251257046244,5
7.31098661404704,4.973571816954454,5.267937104627709,5.205470429339072,4.529420671471935,1
9.999483006171651e-05,3.0050727702258224,4.508476709232196,2.083981440565065,9.999435625920675e-05,3
3.637743941399645,2.6695867642728284,1.5954262241443056,3.076393855287821,0.5238127014979389,3
5.013240597142413,1.8028408883634224,3.661044999093915,3.815001613473357,9.999435625920675e-05,4
3.836070974151814,1.6699752325565898,1.0739934225478773,2.870080128623912,2.5497622986800264,2
3.9097057739688346,5.533027742311923,5.160000681689744,6.052019072198372,2.815050615529626,4
0.6850296060146115,2.927296238893029,3.611551525731833,1.5481064525883859,0.6631002020538248,4
6.968771929964748,5.378195039980692,4.46291412006546,6.350912229883818,5.066595843281047,2
3.6268581872505905,3.8350179536910876,2.817342285011327,3.6849253406955413,9.999435625920675e-05,4
2.598996200302482,2.870269837397241,0.6832924198582071,2.083981440565065,2.951478500847085,1
5.186716255584587,3.8491918979772866,5.121123803661186,3.162745778016262,9.999435625920675e-05,3
0.5083711929800212,4.208566880367727,4.872646038655566,2.7434742539229346,9.999435625920675e-05,3
4.478928602567333,3.8630600463099163,5.106013788848117,6.089104240500265,1.824201574827315,5
3.0838363385399914,6.927077327633879,7.3102691581130905,8.188996369727494,5.183689251128394,5
6.641080681138664,6.1854168201521125,9.999479327290683e-05,7.468293711848398,4.761916721037098,5
5.845840709337444,5.297823630240449,5.5823858217137925,6.504147924440291,2.431355938632394,5
5.787266737492517,3.942316829924154,3.127904666563025,3.6029387129122314,3.179803052620693,1
2.604972498643336,2.3203005546432642,1.0739934225478773,2.083981440565065,3.219699898378062,2
5.837834636958371,4.4007027260026215,3.540519310594341,3.815001613473357,1.0244093244218,4
2.3826619388925163,2.380558182568102,1.0739934225478773,4.3224160855801586,9.999435625920675e-05,5
6.3802230597279985,2.183158477622811,2.860395911763953,3.8029288929480414,3.7947329214617533,1
3.836070974151814,3.6465885310609933,3.1168365131629043,3.683225036784585,9.999435625920675e-05,3
4.478928602567333,5.107067765646964,5.028408713535244,6.242710728947108,2.8874343779346643,5
3.8216971468440515,7.3397367656993975,8.304550283927544,8.312487121137988,4.752120847996349,4
8.07997549934161,6.927077327633879,7.3102691581130905,8.188996369727494,5.183689251128394,5
5.775711208551713,4.638232736622006,3.399163377801864,4.598092343084801,3.9410986514653703,2
2.30259279244685,4.41779327368979,3.521754744568729,4.340706405154121,3.4898067967992286,2
4.358882710878348,3.883315954861935,4.577273890556985,2.787873456856292,0.4560572269848136,5
5.500987199568022,0.6743919779993591,1.0739934225478773,1.9778235042950407,3.107982502709333,1
4.141577756804905,3.5066030270025883,1.0739934225478773,1.9778235042950407,9.999435625920675e-05,3
5.421745817213235,4.076654676770285,4.645135709119203,3.2651509986666296,9.999435625920675e-05,3
2.7219226701115,4.137281540883989,3.8334642719080545,5.159651631116049,9.999435625920675e-05,5
7.208573048813304,6.109191645773292,5.653409254327493,7.09893589133129,4.65859672599194,5
3.4419556434386975,2.8050544250142306,1.6459585023603645,2.2304559264892987,2.3444487203507047,1
4.283290960518227,2.853754667650083,2.193469709617678,4.330823824892365,0.0,5
4.012755791868062,4.128329614717997,3.4187569308879007,4.598092343084801,0.9516416935097158,5
5.890898066020366,4.239462285302152,3.9645627096761555,3.5790098650805087,1.4535445322755316,4
2.1170255277086114,2.954182152200572,4.451096414617503,2.083981440565065,9.999435625920675e-05,3
6.868656332696435,6.553413053929326,7.147034936360267,7.615530153628243,1.7211675353399978,5
7.393286637877231,1.6699752325565898,4.114552452554378,4.614965487701299,1.269554378406302,4
4.0598758796150936,1.6699752325565898,3.228489452104394,3.8385982485504178,2.8874343779346643,2
6.641080681138664,6.1854168201521125,0.0,7.468293711848398,4.761916721037098,5
5.335912774127744,3.8575486678747537,3.3515509553430918,4.686082456736908,9.999435625920675e-05,5
6.344091258830787,5.996186767542792,5.511029913987924,6.101868001573903,1.9136244145768389,4
4.931000677750497,3.6821718562424737,2.9404396548800418,4.549606737734298,3.9329865755304376,2
5.76921640524535,4.8925733144441805,4.676963470838803,5.121171997318769,3.450892047140602,4
4.169098874859069,4.447782628575147,3.7980134008223776,5.386506658593753,2.2636204632090533,5
2.1170255277086114,2.0159923775375557,3.3858376035129636,2.593912445198058,2.552806850115632,1
2.483865166583122,1.9166253106329654,9.999479327290683e-05,2.593912445198058,3.4844334827197208,1
7.704292597187565,2.380558182568102,4.990868913125065,9.999475737043902e-05,9.999435625920675e-05,0
4.517426230620555,2.380558182568102,4.561928118413489,9.999475737043902e-05,9.999435625920675e-05,0
4.945921383486052,1.5942561335644607,1.0739934225478773,0.0,0.0,3
2.2146142331392937,1.8028408883634224,1.34724805418483,3.0454360098864948,4.261042260309054,1
5.979289407920885,3.1782065153869743,3.603002710123291,1.9193966742394397,1.6985653736090705,1
4.132930583627395,6.0815625374500515,5.21038373111678,7.152117931791672,5.471376509799674,2
4.949608707451869,4.70234220032813,3.047838311057943,4.545037742536234,4.4964196684391196,0
5.08782624836128,2.704031420025599,1.726892441468825,3.1062134106514074,3.4566439847335726,1
7.736545881440924,5.704753810062692,5.214801285405517,6.659340573595473,5.196344561972974,2
4.502881930232195,3.9675610905736063,2.8348270947714367,4.610657291579903,0.27272540406342344,5
4.162375986424479,3.6253838332328976,4.57219217123278,2.830003381942826,9.999435625920675e-05,3
9.999483006171651e-05,2.183158477622811,2.7240722878321804,3.8268895839721258,1.5999982925170697,5
4.571975306515025,1.5733483269304862,0.47763857935576814,0.019793101739579277,0.01977738914602771,0
3.7921911380106015,3.267919485049921,2.4334100056282395,4.1498512616453445,3.8084869809297603,2
3.836070974151814,2.183158477622811,1.556970046928594,1.5481064525883859,1.4535445322755316,1
7.760260945346742,2.4363384289224537,1.556970046928594,9.999475737043902e-05,2.237235207255518,1
4.987196892219942,4.764755631409658,4.067615549946022,5.030353011626821,9.999435625920675e-05,4
3.7921911380106015,4.934528141331168,5.537224506431559,6.615634451051067,2.3737177290583507,5
3.466560309896759,3.5654085481217312,4.232130652028049,2.0939095241834593,9.999435625920675e-05,3
4.7643004784002025,2.183158477622811,0.8187068830643233,2.507675388557682,2.435799231854898,2
4.295696642465156,4.394020505373401,3.5803479459517322,5.239763468713393,0.6160333525810666,5
4.0598758796150936,5.783704352200885,4.356286000975479,6.4081652752496145,5.254098669922343,1
7.030328986194141,6.189480124563527,5.14081218736666,6.792024362122918,4.935257637032199,2
3.0838363385399914,4.327046478096054,3.4828868399996367,4.1498512616453445,3.2635089058515643,2
4.7871179656721825,5.545847898456327,3.8836399370896566,5.998181745396048,4.481931536213792,2
3.3734720867393495,3.02920480260425,9.999479327290683e-05,3.8029288929480414,3.4450720735089764,2
3.0309661797441607,6.65482417750683,6.464165150406873,8.08829637706804,5.868634877497648,2
2.700813420471759,0.6743919779993591,9.999479327290683e-05,3.7262744375079504,9.999435625920675e-05,5
2.5929791060781726,3.896472529227876,4.851628291639351,2.593912445198058,9.999435625920675e-05,3
3.836070974151814,5.029901599705024,4.0177463475563,5.8057672060767285,4.67879619404846,2
7.1668934368681345,5.612162893687876,4.401958631528719,6.588402920480871,5.025751781892699,2
9.999483006171651e-05,3.0075235213142797,4.0410731121099985,2.513709684348367,9.999435625920675e-05,3
4.14286216819395,2.0159923775375557,1.2208181663235997,1.2153903958033738,0.0,3
7.1375125027495105,2.6812501923496517,4.233701487489337,1.9072217545186532,1.4202793722057263,0
7.612131327713323,3.5411601405588344,4.6589365569977526,3.2888355549896957,9.999435625920675e-05,3
6.156120832257986,4.105369949919508,2.9777833496256383,4.142060791679211,9.999435625920675e-05,4
9.999483006171651e-05,2.954182152200572,3.112492353600945,2.593912445198058,3.3554851182322767,2
6.319009618002229,5.107067765646964,4.9388103528923,5.65199266392511,0.6631002020538248,4
6.0459140682903465,3.6821718562424737,3.942261006495511,3.641270014380734,2.2861254192467606,0
4.351244307437945,2.183158477622811,2.860395911763953,3.8029288929480414,3.7947329214617533,1
3.348525878591151,3.0050727702258224,3.3059755082283493,1.2153903958033738,0.0,3
4.588688805276871,5.6062342791627415,5.296129152715873,5.578756498576356,9.999435625920675e-05,4
5.78215216137088,4.03619749090495,5.1236130650056335,3.311840053472142,9.999435625920675e-05,3
3.836070974151814,2.77518587573642,5.221379389252376,1.24187922515484,9.999435625920675e-05,3
5.200277041756102,3.7509560129057298,3.047838311057943,4.663390436264219,3.620134855290784,2
6.4741125465151725,3.096990844338022,2.9777833496256383,2.593912445198058,3.191517278433343,2
3.7921911380106015,3.227204876992837,2.229203499178114,3.265631609994886,3.1887103267051478,2
4.612018394320233,2.77518587573642,2.1962011030110893,3.7262744375079504,2.1264169732573523,5
1.8828303265190063,2.77518587573642,1.0739934225478773,3.240745966466908,3.5258444475452624,2
4.8136760419155,4.85502176697257,4.158014333156455,4.613295379971841,2.461089649718908,4
4.681534883461304,5.996186767542792,5.511029913987924,6.101868001573903,1.9136244145768389,4
3.397711801645189,4.041399504295901,3.2809419556953423,4.101867286710017,9.999435625920675e-05,3
3.5095544156793124,4.041399504295901,3.2809419556953423,4.101867286710017,0.09472742748776304,4
3.9404659372819033,4.086373734825557,4.5823226408089015,5.084898065047553,9.999435625920675e-05,4
6.23125425364715,3.457558848014548,4.44512000763644,1.9778235042950407,0.6631002020538248,3
2.5239324172201596,3.444716273281084,4.22502308037565,2.476834245044926,2.3737177290583507,2
1.810495433316691,3.359414007748196,4.174332392151491,5.349825962230686,0.2579798539414555,5
6.698680389667387,2.9021973439052617,2.2908639668317763,3.429689042897684,3.169836656814714,2
4.162375986424479,3.075116398033606,2.100214746727898,3.134973681028022,3.53566703138429,1
2.645708404217136,5.420085914293234,4.048039592248849,5.868551382320874,4.613648901856723,2
6.624260768140919,4.775550799051249,3.330275016554528,5.1315005340976585,4.382305588928018,2
5.112220773986882,2.704031420025599,2.3613147907594025,2.476834245044926,2.7320093195025845,1
4.931000677750497,1.6254021461176533,9.999479327290683e-05,2.1511746540032815,3.4148961367331063,1
2.8479756143173716,9.999460280469756e-05,9.999479327290683e-05,3.1120478252325707,3.249890812650822,1
5.189446956422933,5.354062827230644,6.051909136469669,0.6816027585830234,0.6631002020538248,0
9.999483006171651e-05,4.541639947910765,3.858942114577769,5.372725919973395,9.999435625920675e-05,5
7.300690542791545,4.51360668816858,2.771985928885789,5.1106923518973275,4.857968882687698,1
9.999483006171651e-05,4.537058862466957,3.8204174629453314,5.073870715417854,9.999435625920675e-05,5
4.226914348616821,3.820524953074926,3.996894470813251,2.476834245044926,1.0244093244218,3
2.8479756143173716,3.386520874471942,2.1962011030110893,3.7526725566142303,3.245560180977083,2
3.9110102466837073,1.889681065101744,0.3619034729524687,9.999475737043902e-05,9.999435625920675e-05,0
6.06393488267247,3.9282253001354825,1.34724805418483,3.995792403323551,4.4250895914923065,1
5.1588816501757275,2.4882410830035946,3.996894470813251,3.6989527062448997,9.999435625920675e-05,3
5.200277041756102,6.2263296027578,5.525696703421374,7.1469190899198844,5.764131824077316,1
5.499146473912239,5.523005747970713,4.17593747385663,6.004055415525051,4.798510087232704,2
6.0727890500258574,4.3741219236907165,3.330275016554528,5.064925330295103,4.002800379689645,2
3.7616137181707,2.77518587573642,0.4020796266600009,1.24187922515484,0.0,3
4.498403621927197,3.0525361265878925,2.0261645306004645,2.779182655612076,2.9314675863985684,1
4.081411074767275,4.317176637265858,5.444270814143324,2.6917123466561934,9.999435625920675e-05,3
2.973881360385204,3.3620567570998867,3.899296942418394,3.4374754213700833,2.108004780389223,2
6.524333088324939,6.01841087300721,5.705278768942766,2.5374209570390276,0.0,0
8.48702469213114,6.9055410872756955,6.7360617742999525,7.612724244332808,4.75459616353407,5
1.0653802402083075,1.0820028083811721,0.4020796266600009,0.506486100454523,0.895633771026574,1
3.3734720867393495,1.8028408883634224,1.34724805418483,3.0454360098864948,4.261042260309054,1
8.855720670213817,5.628280412342438,4.935634625658995,2.083981440565065,1.9136244145768389,0
4.2621916183535244,4.561826738763994,3.942261006495511,5.173322025849678,9.999435625920675e-05,5
2.1170255277086114,0.0,0.0,3.456613784293885,3.4844334827197208,1
2.9339015831940194,1.0550439542768617,0.3754861711345769,0.8885053945447388,1.676387177114893,1
5.2056373142436945,1.6699752325565898,0.6832924198582071,1.856734322075132,2.753930975251535,0
4.452220490880595,4.484184385173281,2.771985928885789,5.013633199236973,4.0791559907358526,2
3.6799394752661354,3.2155045181003126,2.3613147907594025,4.014522531850427,9.999435625920675e-05,5
5.649604577248806,4.675726208282913,4.067615549946022,4.892942398912928,3.952990571833099,2
3.150077227113738,4.7194312103966745,3.72267916943172,5.506606778172406,4.701655095257386,2
7.267830894717042,3.981669851844986,3.3538815196044114,3.8501328159630357,9.999435625920675e-05,4
2.8614166876724036,3.574011155490673,5.036814823708441,1.24187922515484,9.999435625920675e-05,3
7.668368748792794,5.102951754973945,4.87815480290457,6.479185947301226,4.900318978049879,2
4.666011580147159,4.655403597330476,4.640480294698693,5.719545214971929,2.915564479799829,5
4.024218633675751,2.740481801998804,1.0739934225478773,3.0454360098864948,3.4148961367331063,2
4.644841997475378,3.708822420611743,2.1962011030110893,4.041787566799061,3.9410986514653703,1
5.461397052398346,4.450581023221356,3.8836399370896566,4.788776532560818,9.999435625920675e-05,4
5.837834636958371,5.920909556691834,8.390450423817692,8.023627170092425,3.2550399497260356,5
4.364187749010998,3.708822420611743,4.439097660183448,2.263452416405615,9.999435625920675e-05,3
4.181441528406151,2.954182152200572,2.100214746727898,3.18959393393897,2.815050615529626,2
5.020009165146026,4.55069707025027,4.356286000975479,4.755082718168602,9.999435625920675e-05,4
6.344091258830787,2.740481801998804,1.556970046928594,3.562643654229251,3.1514054755901553,2
6.0367425360620635,4.0040492942295876,3.399163377801864,3.9053616308401256,9.999435625920675e-05,3
4.6967672881053035,2.740481801998804,3.399163377801864,1.856734322075132,9.999435625920675e-05,0
4.536016648342298,5.628280412342438,5.9704951331086535,5.766293050804195,3.6119169467697843,3
2.4561091733259097,2.6251532688200685,1.556970046928594,1.5481064525883859,0.0,4
5.669129825669984,3.987339399225548,3.4627407597280095,5.220111511619887,4.823573498816083,1
4.427766114380847,4.361644563110163,3.3468700299023064,4.9462872253494945,2.3679740744073645,5
5.807394584682544,3.7590650567500967,2.499947007347682,4.209458724363985,4.067347938577535,1
3.7921911380106015,2.8399530743263233,1.0739934225478773,3.076393855287821,2.775042867158723,1
4.026492430503331,2.4882410830035946,1.9924141229750376,2.5374209570390276,2.685487240997054,2
7.31098661404704,4.973571816954454,5.267937104627709,5.205470429339072,4.529420671471935,0
1.5661231824642101,0.6743919779993591,1.0739934225478773,1.9778235042950407,3.107982502709333,1
5.649604577248806,4.349470841926493,3.502550798414046,4.761946585335387,3.9739812652027986,2
8.406301689956262,3.2491615074354776,2.8687500978646945,3.478986616198993,0.315492791946921,4
5.069029073871911,3.595041497055263,4.14144238544953,3.18959393393897,3.1817737541879207,2
4.759658817632077,2.80829797990685,2.499947007347682,1.5481064525883859,1.269554378406302,0
3.7458987806868667,2.7114693545195654,3.9076032174221482,3.3771301426118967,2.954493455452566,2
3.375927193113974,4.231882714979708,4.97893569770829,3.240745966466908,9.999435625920675e-05,3
4.967795815168688,2.5320433076875952,2.6888531820075725,1.0376344526882864,1.1321830918992846,0
3.240782901581883,2.5488635708043734,1.432777664297583,2.741190380476412,2.390633462281769,2
4.162375986424479,2.1040941106636595,0.0,0.029537582026762092,0.0,0
5.0029794151391895,2.704031420025599,1.726892441468825,3.1062134106514074,3.4566439847335726,0
3.150077227113738,2.740481801998804,0.6832924198582071,2.3407292034012763,3.4391825300875314,2
9.999483006171651e-05,4.150472211269547,5.298102891228119,2.3909060900229355,9.999435625920675e-05,3
2.0075152853773686,2.2548172516026046,9.999479327290683e-05,1.9778235042950407,3.6811730034532233,2
4.851945562314977,3.8630600463099163,3.2809419556953423,4.507438380600282,4.312642316412416,1
3.4442219761303567,2.2816931595424337,0.8637967804983132,2.84384992468986,2.9139487040253806,2
4.417564358575497,1.7779801004689073,2.6733024701053196,2.310659312053854,2.6927090610747055,1
3.904467489944594,3.096990844338022,2.6733024701053196,4.223657061091346,9.999435625920675e-05,5
5.677979326645204,5.081045344654703,5.045128963508194,5.819715024800211,2.4853651973483775,4
4.771213482093198,3.2845380300679845,4.24847100004947,3.1062134106514074,9.999435625920675e-05,3
4.2706961110088795,4.327046478096054,4.2786915723988885,5.5798435381525655,2.1264169732573523,5
7.516753659380342,3.1097940494649983,2.573544887890024,2.8970132765933685,9.999435625920675e-05,4
4.2272711040626545,5.662046151716093,9.999479327290683e-05,6.623699951856022,5.129159158898753,2
3.942979012345327,3.654391035906176,4.0177463475563,2.1784294262644814,9.999435625920675e-05,3
6.279761311820509,4.41779327368979,3.6448786460941007,4.457602416880232,3.5863727492497857,2
9.999483006171651e-05,4.283071622542524,5.632345713438699,2.476834245044926,9.999435625920675e-05,3
4.768915696639506,3.7670741002166346,2.398113405542093,4.519820405699901,3.803610990764109,2
2.0075152853773686,3.0050727702258224,3.3059755082283493,1.2153903958033738,9.999435625920675e-05,3
3.4883284769364336,3.8806518730380026,3.2629579024058515,4.607841347275508,0.1801970234193602,2
5.499146473912239,3.782801500267263,2.817342285011327,4.9940379054863095,4.458530392566562,2
3.150077227113738,4.78344080057013,4.577273890556985,5.72379246022064,1.36732978406477,5
4.927226859888565,3.2845380300679845,1.34724805418483,1.3406279723249495,0.0,3
9.999483006171651e-05,4.184334266106041,5.002618068078721,3.2888355549896957,9.999435625920675e-05,3
4.778067979421373,1.8028408883634224,9.999479327290683e-05,1.7159664578008262,9.999435625920675e-05,0
3.048711466482342,6.073107552248066,6.198340259715938,6.182753238696325,1.7211675353399978,4
3.421283334032587,5.27990680740572,4.800226280729443,5.7261700703912926,2.6349017955132554,5
5.933198918980427,4.414978362524125,3.255129590827157,5.207317110665268,4.239951322304589,2
2.2146142331392937,4.150472211269547,4.41453467650798,5.587405574989693,2.237235207255518,5
7.629687891544949,2.980085351801771,2.2826712359392554,2.6965539849509126,2.834040620727538,1
3.836070974151814,1.6699752325565898,0.6832924198582071,1.856734322075132,2.753930975251535,1
7.612131327713323,6.553413053929326,6.259015477855119,7.785026363085027,4.454579286214595,5
6.7624716927144055,3.3620567570998867,2.1962011030110893,1.9778235042950407,0.4560572269848136,0
3.6799394752661354,1.3126206807770537,0.6832924198582071,0.0,0.0,3
4.373950176788238,2.740481801998804,3.5943634894713163,9.999475737043902e-05,1.4535445322755316,0
4.417564358575497,4.313183413629564,3.270713109727494,4.624496106591766,3.8927092245405683,2
5.1588816501757275,5.447772621551681,4.876093654114673,5.7261700703912926,1.9136244145768389,5
4.6394624348966005,3.0099657803110484,1.7112819602641889,3.0517227293338425,3.19344434483118,1
5.672090826054575,5.295702536834321,5.080140534012024,6.2862965225115754,3.1617247787233755,5
0.5258622449058643,4.879991130018704,4.556744910724168,5.551013222943437,1.992474178087165,5
3.048711466482342,1.9166253106329654,2.4334100056282395,3.7906657286038743,9.999435625920675e-05,5
3.9797966471305792,2.665657145113091,1.726892441468825,2.411528973248892,3.1817737541879207,1
7.030328986194141,1.6699752325565898,1.0739934225478773,2.870080128623912,2.815050615529626,2
1.8828303265190063,3.749321991487353,4.0933039898166586,5.869978066102455,3.8715718925916294,2
6.894895731703367,3.942013787267843,1.6798698070807567,0.8571063978819071,9.999435625920675e-05,0
3.6799394752661354,3.8630600463099163,3.6448786460941007,4.99651660476217,1.992474178087165,5
3.6830209242106133,4.224671669541629,3.9612566894448915,4.445601373808014,0.0,4
7.760260945346742,6.045168327596023,4.9388103528923,6.922272840434024,5.222149194457042,2
4.892442049546907,3.9282253001354825,1.34724805418483,3.995792403323551,4.4250895914923065,0
3.777041114108135,2.4882410830035946,3.4828868399996367,3.88374076585269,9.999435625920675e-05,4
2.30259279244685,6.013169466702497,5.702998899204373,6.6006210099934695,4.851553296107653,2
3.5504815764587625,4.540566575205326,3.7640462485222144,5.35348206473629,1.2590243826852867,5
6.731442498545668,3.9219999271219836,3.895710707901751,9.999475737043902e-05,9.999435625920675e-05,3
7.912443979988813,1.9176840985075894,1.6442626590511633,1.2522593916756664,9.999435625920675e-05,0
6.367772033499418,4.009522455152573,4.300621893303053,1.856734322075132,9.999435625920675e-05,0
4.081411074767275,3.482529696675626,2.6939744160796546,4.064657247201516,3.4617637857284738,2
5.172920506658238,9.999460280469756e-05,9.999479327290683e-05,4.409717650178027,9.999435625920675e-05,5
2.1170255277086114,4.091177211083898,1.0739934225478773,4.277929241490038,9.999435625920675e-05,3
4.730754165663383,2.095721898330752,4.342734296678455,1.619144469398218,9.999435625920675e-05,3
4.438533091056482,6.467354143997052,6.261127328571744,7.420247804464748,5.3824651733707665,2
1.3540770770038053,6.9055410872756955,6.7360617742999525,7.612724244332808,4.75459616353407,5
4.666011580147159,2.8613088481717677,3.4101061076776285,9.999475737043902e-05,9.999435625920675e-05,0
0.0,6.828415265848062,5.327101459117895,5.4220651779871165,4.086371115474546,4
4.536016648342298,5.102815161496956,3.953489278186197,5.766293050804195,9.999435625920675e-05,5
3.955432448378028,5.033784452137201,5.1480651095433,6.503249831273999,9.999435625920675e-05,5
3.1372290314846225,4.150472211269547,4.03806879375072,3.4935584948322775,3.9247210700197375,2
4.536016648342298,3.584609794394071,1.9924141229750376,3.6261611425971614,3.5003789111824135,2
9.472006137568584,6.539515888217113,0.6832924198582071,1.0697999652576,9.999435625920675e-05,0
3.9917175811632,3.5298389836601043,3.112492353600945,4.297317118799052,3.2881075922862424,2
6.020895181445302,4.0040492942295876,3.399163377801864,1.0697999652576,1.0244093244218,0
3.397711801645189,4.654632250012462,4.66583629508787,5.999272231347234,3.691326289057611,2
7.161769390554472,6.310993064594287,6.683187147534524,7.256268055308199,1.5999982925170697,5
4.343534411931854,2.5367541184091715,9.999479327290683e-05,9.999475737043902e-05,9.999435625920675e-05,0
6.611393169920945,4.994719017731004,5.135937945033026,5.069411940011143,4.371880237980849,1
4.666011580147159,3.8421439595683426,2.4334100056282395,3.134973681028022,0.8642760088400749,3
4.536016648342298,5.628280412342438,4.935634625658995,2.083981440565065,1.9136244145768389,0
9.999483006171651e-05,6.045168327596023,4.9388103528923,6.922272840434024,4.002800379689645,2
5.213610609534257,4.41779327368979,3.6924457267866844,5.511416488307431,4.460211133540174,2
4.0598758796150936,2.704031420025599,2.3613147907594025,2.476834245044926,2.7320093195025845,1
4.403281823472844,2.5822797374927515,0.6832924198582071,1.3406279723249495,0.6631002020538248,0
6.955273894648181,5.886086336238363,4.886344391102223,6.736835972561885,5.059427646074457,2
3.836070974151814,2.944887507559456,2.0071984240131635,2.69268293960221,3.128727306237913,1
6.611393169920945,2.974980016412148,3.6283852309231315,3.979504775919158,3.7629201793571108,1
3.322831494743142,3.7000590100899338,3.200967846049097,4.730540423779664,1.5999982925170697,5
6.784408747466555,4.973571816954454,5.267937104627709,5.28746314404733,4.549303497189736,0
4.452220490880595,3.5298389836601043,4.158877045745398,1.7159664578008262,9.999435625920675e-05,3
6.499641416564,5.87455721061528,5.855018754653794,7.0314518806168405,3.8002848616931195,5
7.645666293427201,4.286569229036894,2.100214746727898,4.531159756167177,4.4652088279608835,2
4.358882710878348,4.176040780549119,3.172505719532816,4.023718982926461,9.999435625920675e-05,4
8.07997549934161,2.8399530743263233,4.0177463475563,1.7159664578008262,9.999435625920675e-05,3
3.7616137181707,1.957899821761075,2.037133004807513,3.4361183021212844,1.7590201251252382,5
0.5258622449058643,0.8837073517838713,0.26094396858252517,1.0042842348252905,0.0,4
4.279113975074118,2.025266856853271,9.999479327290683e-05,1.3406279723249495,9.999435625920675e-05,0
4.2706961110088795,3.1782065153869743,4.800226280729443,2.476834245044926,9.999435625920675e-05,3
5.156043959401811,2.1040941106636595,9.999479327290683e-05,0.029537582026762092,9.999435625920675e-05,0
6.784408747466555,4.212514687433591,3.047838311057943,9.999475737043902e-05,9.999435625920675e-05,0
6.527726154611709,2.183158477622811,9.999479327290683e-05,2.3407292034012763,2.93615048770383,1
2.89199675873875,3.0050727702258224,2.2826712359392554,4.076694400681489,1.8336970942714843,5
4.431602836218299,3.2334237010527227,4.433028674865817,2.1784294262644814,2.5497622986800264,2
6.947054947126508,5.072091088206332,3.6924457267866844,5.62402746977448,4.461884411726617,2
5.471005586711845,3.457558848014548,3.930873592611936,3.8501328159630357,9.999435625920675e-05,3
4.381381721725228,4.447916182500696,4.0177463475563,5.466889064427133,9.999435625920675e-05,5
1.8828303265190063,1.3126206807770537,0.5806898491069363,0.5238449716377717,0.0,3
4.61758165038264,4.192517950636091,3.112492353600945,4.792062180133622,4.4201513284428815,1
3.644924180811669,5.662046151716093,9.999479327290683e-05,6.623699951856022,5.129159158898753,2
3.608398734250552,2.408967503830027,3.6399655498779646,1.7159664578008262,2.0071749691053524,1
8.82231768726889,6.156382689267654,5.559754876655491,1.7159664578008262,2.0628863090770544,0
7.912443979988813,6.2263296027578,5.525696703421374,7.1469190899198844,5.764131824077316,1
6.279761311820509,4.484184385173281,2.771985928885789,5.013633199236973,4.0791559907358526,2
3.0121026703636646,3.5054197233428295,2.7994894391434824,3.6835086773247623,0.09472742748776304,4
7.766157231790077,5.349751744705497,2.9404396548800418,0.0,0.0,0
2.695455838155584,3.4573043871644193,2.952946943376944,4.383154172267862,0.18829884225968901,5
5.538678253254968,4.3662199743829655,3.2445757627431364,0.0,0.0,0
4.2621916183535244,3.9701761557527235,3.52554217246487,4.387411456746913,0.09472742748776304,4
5.401146282959618,3.536654748303799,2.4870442140317617,3.7943650237681084,3.6345762281456175,2
8.900051664160506,2.4363384289224537,4.376185765504694,1.9778235042950407,0.6631002020538248,3
4.003470835534789,1.8028408883634224,0.6832924198582071,2.5374209570390276,3.395867544715797,2
7.583412904475065,5.783704352200885,4.356286000975479,6.4081652752496145,5.254098669922343,1
3.3675509414812237,1.7418159736732661,1.1022201439740789,1.7113713607095333,2.086482226221905,1
5.390641274144228,3.987339399225548,3.4627407597280095,5.220111511619887,4.823573498816083,1
4.7166427748759325,4.628470809252612,3.6768967659867604,5.394296333060216,1.3102367035047346,5
